0.0704346	0.0148669
0.0264587	0.0143556
0.0237732	0.0131459
0.0426636	0.0116911
0.0476379	0.0101972
0.0218201	0.00856783
-0.00805664	0.00664057
-0.0362854	0.00442713
-0.0570374	0.00207151
-0.0585938	-0.000270003
-0.0763245	-0.00250328
-0.107056	-0.00464213
-0.12381	-0.00669149
-0.100372	-0.00856975
-0.0697021	-0.0101399
-0.0597229	-0.011239
-0.0655212	-0.0117897
-0.0803833	-0.011819
-0.0949707	-0.011459
-0.0910339	-0.0108825
-0.0592957	-0.0101301
-0.0240784	-0.00910424
0.00259399	-0.00767213
0.00875854	-0.00583227
0.00827026	-0.00376214
0.00585938	-0.0016649
0.0219421	0.000355553
0.0413208	0.00231515
0.0386353	0.00424648
0.0297241	0.0060698
0.0299072	0.00762236
0.0540771	0.00877412
0.074707	0.00950528
0.0696716	0.0098846
0.0422668	0.00996908
0.0131226	0.0097798
-0.0108032	0.00928942
-0.0168152	0.00842703
-0.0267334	0.00714584
-0.062439	0.0054961
-0.118164	0.00364068
-0.166748	0.00173311
-0.169434	-0.000188832
-0.154846	-0.00216824
-0.163452	-0.00420461
-0.166626	-0.00617023
-0.124023	-0.00787434
-0.0675049	-0.00919582
-0.0411377	-0.0101509
-0.0608215	-0.0108357
-0.0756836	-0.0113042
-0.0606995	-0.0115054
-0.0325317	-0.0113185
0.0140686	-0.0106459
0.0690613	-0.00948568
0.100372	-0.00793489
0.120544	-0.00613614
0.138092	-0.00420693
0.15567	-0.0021885
0.163177	-7.41566e-05
0.15271	0.00211865
0.138855	0.00428259
0.130157	0.00627157
0.147217	0.00799221
0.192139	0.00945922
0.217407	0.0107684
0.179962	0.0119407
0.123413	0.012811
0.0692444	0.0130974
0.0361328	0.0126671
0.0172729	0.0116869
0.0200195	0.0104344
0.0211182	0.00903997
0.003479	0.00746539
-0.0196228	0.00564895
-0.0473938	0.00363128
-0.0741272	0.00153251
-0.105713	-0.000528384
-0.120453	-0.00248095
-0.118774	-0.00433062
-0.0896606	-0.00608462
-0.0612183	-0.00769927
-0.059021	-0.00906474
-0.0844116	-0.0100359
-0.103027	-0.0105192
-0.0991516	-0.0105266
-0.0820007	-0.0101751
-0.0463562	-0.00960064
-0.015625	-0.00884265
0.00213623	-0.00783716
0.012146	-0.00650956
0.0243225	-0.0048857
0.0241699	-0.00309779
0.0250244	-0.00127814
0.0368042	0.000503012
0.0477905	0.00224537
0.0458984	0.00395232
0.0391541	0.00555476
0.0545959	0.00692304
0.0735168	0.00792992
0.0706787	0.00853895
0.0511475	0.00880645
0.0223083	0.00880201
0.000823975	0.00856762
-0.00482178	0.00807972
-0.0157776	0.00727585
-0.0317688	0.00612437
-0.0664978	0.00467201
-0.119659	0.00304782
-0.161835	0.00135767
-0.186798	-0.000377105
-0.189362	-0.002163
-0.186188	-0.00395796
-0.186249	-0.00564485
-0.148163	-0.00709413
-0.106018	-0.00823232
-0.0761719	-0.0090483
-0.0545959	-0.00959598
-0.0517273	-0.00993124
-0.0461121	-0.0100416
-0.0471191	-0.00984056
-0.0216675	-0.00922624
0.0490112	-0.00818654
0.105499	-0.00680427
0.134857	-0.00520838
0.157074	-0.0034985
0.174896	-0.00170528
0.196136	0.000165746
0.188629	0.00207828
0.163239	0.00393658
0.144318	0.00563088
0.137238	0.00711408
0.183441	0.00839483
0.224243	0.00950392
0.199219	0.0104302
0.132629	0.01107
0.0840759	0.0112727
0.0878601	0.0109358
0.0711975	0.0101126
0.0108032	0.00897909
-0.0332031	0.00767018
-0.0387878	0.00623031
-0.0292053	0.00464045
-0.0412903	0.00290542
-0.0738525	0.00109838
-0.0950317	-0.000691184
-0.125793	-0.00238915
-0.140961	-0.00396961
-0.118286	-0.005436
-0.0925903	-0.00675742
-0.0816956	-0.00786496
-0.0992126	-0.00866801
-0.104675	-0.00908536
-0.0861816	-0.00909631
-0.0715332	-0.0087535
-0.0473938	-0.00815869
-0.0201416	-0.00739825
-0.00595093	-0.00647468
0.00411987	-0.00533899
0.0109253	-0.00397216
0.036438	-0.00243376
0.0604858	-0.000842519
0.0637207	0.00070865
0.0595398	0.00219367
0.0556641	0.00361698
0.0595093	0.00494528
0.0693054	0.00608017
0.0699768	0.006914
0.0657043	0.0074086
0.0448914	0.00759694
0.026947	0.0075334
0.0236206	0.00725301
0.0177917	0.00675792
0.0020752	0.00602837
-0.0372009	0.00503579
-0.093811	0.00379305
-0.149872	0.00238213
-0.188324	0.000903467
-0.188812	-0.000589486
-0.178528	-0.00209146
-0.191711	-0.00358423
-0.211334	-0.00499184
-0.187927	-0.00621073
-0.124725	-0.00716273
-0.0655823	-0.00782753
-0.0561829	-0.00824692
-0.0715942	-0.00846393
-0.072998	-0.00847746
-0.0528564	-0.00823299
-0.00692749	-0.00766875
0.0570984	-0.00677898
0.115417	-0.00561266
0.15329	-0.00425302
0.16922	-0.00277811
0.173828	-0.00123118
0.183411	0.000358807
0.200806	0.00195925
0.209442	0.00350846
0.190887	0.00493294
0.156158	0.006179
0.162659	0.00722167
0.199951	0.00807417
0.206573	0.00875731
0.169678	0.00923141
0.124847	0.00938295
0.0955505	0.00910467
0.0387268	0.00841069
-0.03125	0.00743269
-0.0574036	0.00628985
-0.0345459	0.00503546
-0.0173645	0.0036687
-0.0384521	0.00220097
-0.0769958	0.000682389
-0.108643	-0.000816451
-0.126587	-0.00222322
-0.139618	-0.00350877
-0.140442	-0.00466855
-0.139587	-0.00568963
-0.130035	-0.00654649
-0.115723	-0.00719252
-0.0985718	-0.00755848
-0.0661316	-0.00757732
-0.0447083	-0.00724653
-0.0379333	-0.00666351
-0.0406494	-0.00594687
-0.0343323	-0.00513239
-0.0103149	-0.00417654
0.0288391	-0.00303548
0.0592041	-0.00175696
0.0811462	-0.000449347
0.0787964	0.000807556
0.0762939	0.00199961
0.0834656	0.00314852
0.0767517	0.00422695
0.074585	0.00514575
0.0671692	0.00581673
0.057373	0.00620139
0.056427	0.00631311
0.0518799	0.00618214
0.0458984	0.00584961
0.0247498	0.00536796
-0.0181885	0.00474781
-0.0589294	0.00394503
-0.112061	0.00292799
-0.165833	0.00174715
-0.193848	0.000513571
-0.197784	-0.000705224
-0.183868	-0.0019178
-0.196075	-0.00313512
-0.224976	-0.00429594
-0.196747	-0.0052809
-0.129364	-0.00600531
-0.0790405	-0.00647464
-0.0813599	-0.00674892
-0.099762	-0.00687587
-0.0736084	-0.00684849
-0.0256958	-0.00661907
0.0344543	-0.00614385
0.0864868	-0.00541361
0.112579	-0.0044517
0.128113	-0.00331287
0.14975	-0.00206773
0.185272	-0.000783254
0.209747	0.000499308
0.221436	0.0017731
0.225586	0.00301079
0.215424	0.00415106
0.180939	0.00512047
0.162384	0.00589332
0.169586	0.00652114
0.204071	0.00705408
0.203827	0.00744511
0.144257	0.00756009
0.0555115	0.00729229
-0.0239258	0.00667492
-0.036438	0.00583938
-0.0123596	0.00488716
-0.00750732	0.00385716
-0.0466003	0.00274404
-0.101562	0.00155994
-0.132812	0.000348264
-0.123657	-0.000832032
-0.10376	-0.00192699
-0.101013	-0.00292508
-0.131042	-0.00383496
-0.165894	-0.00464394
-0.160858	-0.00530958
-0.134552	-0.0057751
-0.0982666	-0.00599385
-0.0609436	-0.00594333
-0.0255432	-0.00564276
-0.0122986	-0.00516128
-0.0274353	-0.00457183
-0.0277405	-0.00389862
0.00820923	-0.0031124
0.0548706	-0.00218998
0.078125	-0.00117353
0.0633545	-0.000140502
0.0582886	0.000853559
0.0806885	0.00179269
0.105499	0
0.118958	0
0.098175	0
0.0627441	0
0.0417175	0
0.0310364	0
0.0361938	0
0.0325012	0
0.0139771	0
-0.00692749	0
-0.0509033	0
-0.111023	0
-0.169952	0
-0.210114	0
-0.214355	0
-0.211823	0
-0.225555	0
-0.234192	0
-0.191772	0
-0.107239	0
-0.0570679	0
-0.0687256	0
-0.096344	0
-0.0864258	0
-0.0397644	0
0.0184937	0
0.0895081	0
0.134979	0
0.155884	0
0.174438	0
0.208191	0
0.234619	0
0.23056	0
0.213043	0
0.200714	0
0.179718	0
0.170288	0
0.19281	0
0.221436	0
0.206146	0
0.118286	0
0.0221863	0
-0.0360107	0
-0.037323	0
-0.0193481	0
-0.0293579	0
-0.0653992	0
-0.097168	0
-0.105469	0
-0.115784	0
-0.142487	0
-0.166351	0
-0.164764	0
-0.147522	0
-0.132141	0
-0.118744	0
-0.0829163	0
-0.0483398	0
-0.0325012	0
-0.0423889	0
-0.0451965	0
-0.0118713	0
0.0307922	0
0.0737305	0
0.090332	0
0.0821838	0
0.0831299	0
0.0913696	0
0.102997	0
0.0986938	0
0.0775757	0
0.0730896	0
0.0653992	0
0.0617981	0
0.0608826	0
0.0415039	0
0.0110779	0
-0.0389709	0
-0.0813293	0
-0.1091	0
-0.148499	0
-0.189667	0
-0.222565	0
-0.236633	0
-0.235382	0
-0.240265	0
-0.214874	0
-0.152588	0
-0.102386	0
-0.0735779	0
-0.0699463	0
-0.0621948	0
-0.0364685	0
-0.00769043	0
0.0652161	0
0.129425	0
0.166168	0
0.186401	0
0.197876	0
0.232239	0
0.252106	0
0.24826	0
0.232483	0
0.197571	0
0.181793	0
0.183777	0
0.184357	0
0.17627	0
0.121826	0
0.0617981	0
0.0167236	0
-0.0185547	0
-0.0335083	0
-0.0628357	0
-0.0906982	0
-0.115692	0
-0.145508	0
-0.148834	0
-0.146515	0
-0.126221	0
-0.10965	0
-0.125031	0
-0.146027	0
-0.162506	0
-0.133606	0
-0.0683289	0
-0.0191956	0
0.000579834	0
-0.00802612	0
-0.00216675	0
0.0466309	0
0.0779724	0
0.0806885	0
0.0647278	0
0.0594177	0
0.0925598	0
0.11673	0
0.122925	0
0.117157	0
0.0845032	0
0.053833	0
0.032196	0
0.022522	0
0.0297546	0
0.0160217	0
-0.0229797	0
-0.0626831	0
-0.11554	0
-0.159729	0
-0.200958	0
-0.233795	0
-0.240662	0
-0.250854	0
-0.263916	0
-0.233765	0
-0.154785	0
-0.0725098	0
-0.032074	0
-0.0618286	0
-0.0838013	0
-0.0608826	0
-0.00946045	0
0.0769653	0
0.12796	0
0.168732	0
0.203705	0
0.224487	0
0.255005	0
0.258575	0
0.240448	0
0.224945	0
0.192474	0
0.179199	0
0.17453	0
0.177094	0
0.188751	0
0.149689	0
0.0779114	0
0.00436401	0
-0.0519409	0
-0.0562439	0
-0.0702515	0
-0.0923462	0
-0.116058	0
-0.139038	0
-0.143341	0
-0.152283	0
-0.146149	0
-0.122894	0
-0.117584	0
-0.129608	0
-0.152313	0
-0.146332	0
-0.081543	0
-0.01474	0
0.0201416	0
0.0131226	0
-0.000518799	0
0.0329895	0
0.0679016	0
0.0881653	0
0.0861816	0
0.0719604	0
0.0864563	0
0.108337	0
0.121979	0
0.115723	0
0.0830383	0
0.0552673	0
0.0370789	0
0.0253296	0
0.0211487	0
0.00732422	0
-0.0154419	0
-0.0526123	0
-0.113647	0
-0.17627	0
-0.221436	0
-0.228851	0
-0.223938	0
-0.23938	0
-0.256805	0
-0.23349	0
-0.149231	0
-0.0813599	0
-0.065094	0
-0.0752869	0
-0.0692444	0
-0.032196	0
0.0148315	0
0.067749	0
0.117126	0
0.151703	0
0.18811	0
0.234009	0
0.258148	0
0.262238	0
0.240601	0
0.216858	0
0.201691	0
0.177826	0
0.177643	0
0.182007	0
0.176147	0
0.139618	0
0.0733337	0
0.0134277	0
-0.0264282	0
-0.0514832	0
-0.0696106	0
-0.0986023	0
-0.126617	0
-0.138519	0
-0.143585	0
-0.141327	0
-0.138947	0
-0.119568	0
-0.101685	0
-0.129242	0
-0.17215	0
-0.16983	0
-0.0883484	0
-0.000244141	0
0.0290222	0
0.0103149	0
-0.00192261	0
0.0276794	0
0.0650635	0
0.0822144	0
0.0808105	0
0.0769958	0
0.0864258	0
0.106964	0
0.11557	0
0.109161	0
0.0848389	0
0.0619812	0
0.0396729	0
0.0109253	0
-0.0043335	0
-0.00558472	0
-0.00973511	0
-0.0427551	0
-0.117371	0
-0.194489	0
-0.230957	0
-0.221985	0
-0.209808	0
-0.23941	0
-0.261475	0
-0.202667	0
-0.106598	0
-0.0430603	0
-0.0464478	0
-0.0774231	0
-0.0646667	0
-0.0435486	0
0.0112305	0
0.0829773	0
0.130585	0
